1284127751033827329
1167496740494356481
1158073972002627585
1550544049358127106
1521664634759098368
1521204205532372992
1533009801776619521
1554747991910752263
1468101353675235330
1055317016456904705
1556658585043615747
1558880828364652547
1214972143047364609
1554000052430979072
1083349311675600896
1559443166842986496
1559429133561917440
1216441267107909639
1510177487648612353
1542849339994869765
993440020655759360
1532830461453533186
1445451710026059785
3742755562
782653206002139136
1524650165516353536
1558290778811686913
859615376929419268
1530852739944747008
1499023720526102534
1377628114071781389
997639912156553217
1533937516264439813
1551616091541192704
1235848996054126593
1517122427427475460
1390325020224802819
1558212634113187841
1525234552662368257
1474095768785108995
1541813457040953345
1442798491110096898
1534561478908559361
950104042394529793
1397240485610237957
1521428989289586689
1140311913299095557
1173652362038321154
1558824055976886272
1519619059389800449
1549014598992420864
1402504803104722945
1417906992627298306
3171030368
1532838667991281664
1542395238932955136
1222529393949650944
1512057392476803073
1181797798695583746
1488880785025236994
1535874166770892801
1549684545913602049
1432234089319260164
1554551303136739329
1514057463221395469
1306252724430942214
1397172577949429765
1482694609331437583
1043910595874103296
1363420238033784835
1531669965459292169
1476629444450308098
1037271756673769472
811861289576394752
1551162225641095168
1261604510583197698
810116524098932736
1532839536904048642
1548754162766061568
1522104618867912704
1542581068984885252
1514839035423899656
1477662863170981888
1097227080629133312
1418878551558967297
1537098657736052738
1492957361568370690
1494759872382001154
1557728628632219651
1337705111376850950
2234364469
1491132460993761290
1528149035491655682
1559129655885680643
1112034481123147777
1451622300701372421
1559125952453660673
1545794912293195778
1540313194639540225
1511971580422856706
1557698489290838017
1215988303113015297
3996225437
1367236608328613888
1313510399380250625
1488889751755186177
1243467135474696193
1557992785965359104
1495352999853633538
1322746687
1454454323086245893
1316685598548275206
893868951087853568
1558768206352973824
1215209934683623424
1499737871695036419
1539303789026492419
1266287920282918913
1547955350782951424
1461051081857851396
1530456673113997312
1373359046447759364
922786628
1540010535315439617
1480509035631816704
1298713888645509120
917031489770000384
1558451539202768898
555776399
1558742770512191493
1082725772924731399
749006586
1526801018646056960
1533770149488099328
1152226172786397184
1548974900169383936
1425404725328060420
2603818909
1216061618662014979
1542203170914451456
1404400416406786057
1353037939874394113
1524033386423197699
1066008113550102528
1445330855463997441
1552799901985415168
1347465399915474945
1490083919517171712
1419944196702625793
1486224059419578368
1491916739721895937
1489242953474265135
1534541725116637184
1106587237842591744
1558729238726975488
1556686482055872516
47607729
1357684583832125440
1534881239085117440
1459815323402743812
1555799179116646400
1356549693195575296
1154089521354428416
1432270671090966528
1551589807851294721
2481309146
1442448920085295106
985418691394330625
1558382753053347841
1555070069322948608
1414580908053696524
1087289950524063744
1559033851904753664
1311231848358371328
1550912246238380033
1247814784738885632
1392477092198162438
1487355131905650693
1374815448
1558549368713711617
1472656670799147015
1555443894648815616
326061599
1460150559470764034
2229341306
1260617674104737792
1414150611847860226
1558619424902598656
1555818602430976002
1521076714536906752
1083409539154743298
1427218254351802371
1477682681026691081
1453591969863716865
1471773127726145537
1355202151723769858
1547545182039678979
1040990075641896960
1243276860236025856
1522637321954336768
597689868
853494737524883457
1365496053529780226
1307009378474700800
1315404407694151681
1542965697575145473
1492597449810132998
1553173111150985219
1514406674475405312
1553859653724930048
1484445447930494976
1558057753075191809
1045639762206511104
1011166058
1550955100394455040
1556658208755826688
1557109721370398720
1511036585445314560
946204448
1369645787488063494
1554606174426828801
1558358575331782657
1495415290502565891
1558546071835615232
1384570653475434497
1400068869436366855
737611964050903040
886654041744449536
2234772857
1555771160410857472
1263535368013578247
1440755381236424709
1304089184005742594
1187429668380647424
1553648390113828864
1137412284
1426745605607538691
782524124
474603833
829594258164285440
1401169766132428801
1544752764907130883
1526641056397287424
808013842496139264
1516844289174736902
1550687772591235072
1024690860083032064
1544946556184526849
1422184248929398789
833455876879089664
2719996376
4756707254
1080523589407985664
1126231721232543751
855482754577960961
1558882243812147202
2914521957
1539657177069150208
1084036266843238403
854744239531601920
1217861653049507843
1518827169987842049
1104461905815633921
1393932673719181312
1230009962107228161
1547620413655486465
1123636124851888130
1353792516349435908
1544566181511708674
1424055271
810923326596116480
2583618296
1551169705053982720
1090248937229946880
522968011
925297183
1379124302503632897
994511047
1479566881778716673
1491101952884809739
1386198792060428289
1500403278533873670
1476293785512517643
1263497978561671168
1037526366
1376248228962779140
1281214525065363457
1333024435301994497
1391380078307823616
1546471247952896001
1555498351889612800
1555189203742384128
980510034915405825
1435099698587705344
1528788869289738240
1556716397954322437
1352350872131555329
1331678245142618118
1543731804430946304
1519837258152660992
844264623926902784
1391481315535507461
1556091877316734976
1289171354961379329
1353609689347608576
1491844619872751625
1201963037021872129
1558841995480670218
1548877849603497984
1474547312093446147
1479849055148818437
1546602718831190018
1463118818788610049
1019480375259693056
1220655162626334720
1556151737123209216
1489131728765661186
1214264857630953472
1484635102718083073
1533168597064884224
1467939472633663488
1459787720277082112
1045702373698674692
1471563548346171404
1292680543063203840
1457682874719744001
135978500
1527163745893507075
1477934430757048320
1438016444365684742
1556710492281966592
978941221509898240
1386667382828150787
1552338661752152070
1284439234376380419
1555108816156606466
1538982130310602753
1535643018614779905
1414830630727294976
1555563148173778945
1318059329254232066
1540961756641742848
1474076721527721986
1540777000314572801
1480815333598396416
1480121190962253826
1345222274484416512
2264483832
1532976926205304835
1551936493073190914
1535501448162811905
1558318728793784321
1516376242190225408
1439583536642732034
1519232293654736896
1555875702028869632
1551138641707257857
1247518428841127936
1553099383218085889
1557628786094522368
1539484661268758529
1552342563105001475
1550021809105412096
1449359052224569347
1529028531690283008
1529449505657171968
1502456849383268357
1547402319477743617
1543140412013314050
1555381888923193345
1449559508632621059
1558201776767205376
1391725076026773505
1544689082357489666
1701065311
1514507744065331201
1531380961207894018
1479564265799438343
1451564401287438343
1542117863565426688
1464534575091273728
1428111440846729218
4784975654
1558134452382998528
1368929115437432844
1541626501908467712
1522648469604900864
1443924732722626560
1531536108575678464
1557661910664880130
1547233090841579520
1526545800276369412
1555182013040234496
1349231259025858568
1431167650336591872
1549101610277691394
1459015565721415713
1431101590010740737
1550220523262681090
882586753718210560
741023943516164096
2217247718
1539813134323847168
1248652598669950977
1364806860151398401
1555781930918023169
1299603364469235712
1493678177490804741
1504311560222642177
1557288782155612162
1076754844722122752
1215514391401181185
1456895321787797505
1557425171694321666
1503863219701518338
1497990912453996544
1508361209493352451
1497981529485721606
1556978827875721217
1216670190160809984
1553287247876837376
1552560084538068992
1434232252779610114
990917225233240064
3105122431
1300487131471765505
925311534
1557078235136946176
3367337380
1556532902552170497
1502331927637934088
1557079110500827136
1006789124714622977
2265726854
1556866740902141953
905461973923463168
1540390163838377984
1556276824723935233
1555793062173069315
1525877578438950912
1548070376294363138
1523212841670557696
1218013002856792066
1552491808336355330
1556748579749957634
1555275936731467781
1542996463227047936
760742013214068736
1073471408586526720
1533664086017331200
1142323813021048833
1528291796127608833
1099046257128099840
1540378029242859521
1486292376452743174
1532570896745082880
1401620607016615945
1381158840717090817
1490285948030103554
1335665352844464129
1545758577708544000
1334108717474852866
1555145013016891392
1509795458402635794
1510349711139561491
1515960376982179844
1456294207736455170
1478781611344805898
1555422088793669637
1527452527545012237
1492107778470653954
1555760123364114432
1511177521664086018
1538605594164269057
1533809117940396033
1506521898372509701
1546744096399785984
803919455260725248
1164734549101821953
1476709372487163904
1268165195408572419
1552907157582086144
1555194934734606336
1465600880884039683
1305394802591109120
1555178580874854407
1190651400331677697
1554421143527759872
1517334492448391168
1548690756285747200
944651739575205888
1426789924414627845
1516378036408619010
1523306729638879234
1077498941359489024
1182753656577224704
1509775042367954945
1676516540
1554554059134488576
1436234369212067844
1506564659733667842
1219258678978711552
1396826176111456257
882203412246528001
1552632231121895424
1350510991176556544
1528469681513934848
1469986199142031363
1384026742537392129
1554188524555014151
1526640823072436230
1052221680028975104
1478815005114085376
1554003911958200320
1396099802530816003
1553287626727333890
1513553867455164416
1531304667539558401
1456687977615273988
1411764289065525250
1514301996005793793
1488921775517937664
1545701331293409280
1553713597234270211
1526408794292555776
1485587654796271616
1547033406596386816
1246855878185308161
1535216696277061633
1401761167891181573
1533763143222104066
1399657929247059980
1519705307819216901
1530367820034453508
1471246880516550657
1531754890921398276
1527503124893769734
1001165717167853568
1534501342701662208
1327759354565693447
1552176430305480704
875259638815522816
1548576622625824768
119637779
1509219552177049601
1379176307980910594
878870908932411393
1486639467821731841
1546230250744455169
1542564905772912640
1383969478254292996
1849449612
1511614511031238659
1308801095033028608
1504130125457149957
1548753706874699777
1549779013333401602
1549476459919523840
1498666858664415234
1445015711471087618
1460910187896881159
1455072132564652036
1290814938957651969
1543474000621338624
1550529815316500481
1520802698794311681
930668481040846848
1490602095514460162
1519559862950121473
999116966882435072
1386698129680961539
1549843088885129217
1551630628646420480
1101396902514286592
1402892546393575428
4904113671
1551572973454237696
1539879481367998464
1455478545304670210
1011136600280006657
1260861777186865152
1547214406504747015
1268533304812285952
1519787352469786624
1368346293928656898
1127341490307588101
1533735114483675143
1394650736064176130
1549624428807573507
1479427444495065093
1487715493083590656
1543677969914273793
1538210950154690563
1504364442393399298
1544090513028304897
798170173232521216
1538018559820849152
1464889886067109893
1545666408079663105
813487488501186562
1250925026733416450
1535285778590273536
1470691803678621696
1542236246436712451
815200886
1467923732962639872
1550813311133941763
1536448213036716032
1408657623977803777
1398233560759349249
1483145966572081153
1435859074063667201
1542394360574234624
1506161171321212941
1547995277373558785
1537008870828216322
897898874232119296
1376215629133385735
1231885111077015552
1480134149264621568
1446222435771166724
1388873445119778817
1487146273610240001
987222991129010177
1083746322757365766
1535135379027795969
1446308187318235160
1536770581671972864
1546229235421007873
1545704541747875841
1524358213034029058
1343854803311591424
1291311170167726080
839123301997899778
1523349513620140037
1531963960810938369
1515695162759987201
1550086062722228224
515739017
1544048445551427584
1493935690689753088
1550487249132855296
876427899628392448
1550491902998466561
1370820376687693829
1395717057325449216
1548592737926189057
1373426420949659650
1453666734930636805
1550439850771263490
947543487913873411
1533782359107158016
1113143920710561794
1085173497524088832
1541478155466194944
1550396313115758594
1548595851358085122
1498533802091720706
1272006705006739456
1481160887360757760
1259561128595767296
1371826719854825482
1457281122484768769
1547831221123575808
1270714084179103746
1427459659867189249
4069437173
3241034208
1316039241579868170
831953523965362183
962986895159517184
1446380906680365082
1468513197875658752
1402180857058766853
1141007381087825920
1532482648349847553
1548646749627191298
1178918880229691393
1420428982365954056
1514229396089065477
966745051928948737
1142526143901458432
1215291593566982145
1542226558953431042
928138176476172288
1438904312646807561
1546194199896379394
1540820317177782272
1412812579479695361
1245147593404973056
1541306451162972160
1504091493266604032
1550038218145353728
1533065710372638721
2775757662
1548396653912109063
1547653430042234881
1247156054980300801
1529784348735684608
1547854820039467011
1539214553757753344
1497023983434493955
1549657882907627520
940834699362041856
1489656243568455690
1549467452538556419
1441329199810187264
1538936599714713603
1530243871929769984
1533198235807932417
20357418
1526929499085938689
1516699152226430977
1488026197397327875
1452427995755552768
1250354234538618880
1534128643861102592
1385987167525216258
1486792892957999107
1322508736964022272
1374310061690982409
1549007024528269312
1530157397574049794
1535785725450686465
1548940037622054912
1504183760165744650
1484074531476185095
1509146457940574211
1314622593077518338
1392043584199790592
1548750876147417098
1453918482697949198
1324595054737051648
1548405982492971010
1395257545653198849
1528807204723298304
1217432250234605568
1190989097202016262
1473354239741157383
1267011709950099456
1526222571003314178
1540310634792886272
1530506365285851138
1490965466789126144
1455588016219697156
1522144996753043456
1543615501603160067
1225160823582154754
1321392305354452992
1303258999983407104
1247196612562206723
1388610616085123073
1503792686184206339
1496953672726634496
1530755653467357184
1222253072421924864
1234827854799679488
1543162720912023553
1456516777408598019
1546531937191428097
1546588304090562564
1546289364434649089
1536199394978336769
1534266486306615296
1385986691274625025
970756329299169280
1536387678027014152
1547445557798617090
1538864216215633920
1251870627151007745
1181891860517797893
1547211864857227264
1392560297018281984
859475082644561920
1080028670398468096
1540631166646116357
1448220723273682954
1357747140840325120
1151145545345486848
1449716154394718209
1506540370385068032
1181938485613268992
874727514559709186
1447285415753490433
1522933533655764993
815344795501531136
1344574215236833280
1546812175863480323
1377193094366560257
1090684899114340359
1320081813277204480
1533875031029293056
903995574810181632
1522469782523715586
2744626625
1342396899190575104
1536639338192072704
1328758810434015233
1462907358422593536
1540186494962659328
1080382182156394497
1233394424023060480
3133541916
1271732684553945093
1105111121977995264
1546548081285648388
1498683769540255748
1544659471108128769
1350495858199048194
1514341099678142465
1545478104164040706
1045222586009841664
1493626533294006279
1541308273596440576
1537002252560392194
1486805104518967303
1519034336779116545
1290467775551606787
1470376395570249734
1538793460001538048
1531207691800133633
1495116226384781313
1110186211384217600
1544360279001145344
1421228482147799042
1530551655531528193
1385482388101345280
1435972150880620549
1479145373608333315
1491802610365440015
1480293060336656385
1266966765784961025
1396907889223258119
1490266530516512769
1134176002047979523
1416116848073089025
1495218006
1519434557292003329
1477044546101993476
1529085811819532288
1497329095633481730
1541642445200539648
1493122790655991808
1112342660298231814
1476934393071640581
1332670459150807042
1468131227471331329
1518116553740496896
1534104027516002311
1315509299272192000
1530454654026403841
1539847045682438145
1541484434112872450
1540544378288148481
1513657720217419786
1519716220005752832
1545873771805933568
857365521372721152
1502266235995705344
1451655320351252480
1217690829692772352
1003134260637851649
1163119845556346881
1212558469540134912
1532718757197406209
1495292381276487681
1478028295413264386
1267398028559888384
1546110349203718144
1536231606016417792
1545003550694166530
1396149163776167949
1533181172720738304
1519830558897061888
1544006415253118976
1037315077806989313
1539433777537089537
1545907635811237888
1538068888415416320
1484888085078884359
1384839630239977472
831244943775645696
1538792735381012480
1329048456
1220879777990660096
1527692793606709248
1452315906659520513
1541411906426126337
1482402170699931649
1528392916284100608
1542202028641902592
1536964821232533505
1398655874839744515
1541741378916323328
1453966118792531969
1516677993896325120
1544196829864140803
1541365936694886402
1090551932224262144
1437055077617897475
1393794564985589761
1329008740226519040
1526611502958010368
1334986758950424580
1512952399433973760
1537045017088385025
1468046342677151748
1130840895392108544
1545354458313400320
1537701261495128064
1544081637209767936
1520344242627002369
1525413715742535682
1457066123590082560
1506288871365042181
1499312573056962565
2835442997
1540322547186601984
930339292425187328
1538817628105584640
1274896510442975238
1479588665567363078
1310844636563296257
1384801672346497027
1113654585321840640
1213731079061815297
1521004802565627905
1536655030358769666
1461972337591414788
1543045364902596608
1462486766737371137
1479131497890205709
1523583178115629058
773038695939239936
1283409799191752707
624055845
1485677054372855814
1538733600576876545
1545503313118072833
1511261657271480322
1292081527053049864
1028867015749103617
1249110475347873792
1538776933261103104
1493395588016394240
1383691534852263937
1267022280695197696
1359227005888307206
1503819999701516301
1517904003849412608
1424333643347120128
1536234698648834049
943609124675350528
1480096514743549953
826139674863403008
1385079387813416963
1175041555759083521
2206117920
962302337334284288
1464212853615964163
1327747282998005761
1538485434216370176
1066440017189498880
1526576984893321216
1475767673376153603
1329021937662701568
1486639330848382978
1515964736445243395
1232969570610184193
1243152629095632897
1058955113765707776
1444341711833116675
1540271768883134464
1528428462494687234
1389232167507595266
1542446554249711618
1488617532688797696
1543312618190000131
1505155475423252483
3433493381
1488751800970797057
1543957068109029376
1263531480443236352
1413565037592014851
772451424060014592
1152862079415717888
1463106409185353735
1343567085356654596
1525199805831684096
1531126985275097090
1542966559387389954
1216064993113903104
1538429530695770112
1512766189839265796
1396377062814982145
1143263855252033541
1545323100157394945
1314187709288779776
1523760478991888385
1482389262809055235
1527954021197152257
1386432674961575936
1230593007692525568
1402083311523074048
1515296179088760834
1534561275912527873
1474671077200744450
1469035641233100801
1423732000784101380
1525838223452389376
1533078157485539331
1478519238449143812
1454255753632620551
1534253993685397505
1544963972205510658
1514207144899321860
1309163024616488966
1359146707183931398
1536439560581824512
1535598937964310529
883115017276719105
1533872639990718466
1536070689748561920
1380937262247129090
1092793144507318273
1514324491194798089
1204875953962455040
824506719375994880
1386308429682073602
1532575786678554629
949873671853748229
1284232493793783809
1536257513053728768
1247266601788792834
1349251162709520385
1523184931857444864
1239492555189952517
1540070709967441921
1172424057431543808
1211311659437789184
1438583921009172494
1533814983070556161
1474064694503788552
1540693827354185729
1538758349138931712
1381109058934087680
1439159750898458629
1483893649301774344
1396516639773020161
1456338449225883648
1532671105713971200
1438705188064407554
1544013775401009155
1309943915529805827
1536035015498387456
1382796547625254915
1062426891611787264
1544735211455488010
1341835087864848384
1543520833011912706
1516814998378618899
1480488871502946307
1524965889766039565
1533959831660511232
1534850849863868418
1453968321485828109
1394652782787956738
1468973568847347722
1391989835917889537
1502659334441951236
1392915622825058308
1501404590175973379
1533828048583286784
965993209984929792
1215258327531294720
1505655569943777280
1130246773
1536356167064109056
1137402167395069957
1266726890980737026
1259639615004131329
995366885624442880
1236417648629551104
1497212971512119298
1539818497881976833
1230369896166547456
1493157703132319749
1424759005776384003
1247903100272164864
1364529835230519297
1225600675318464513
1454485388727398401
864958773496033287
1477852063195447298
1448620759253929985
1543854928174751744
1474870658668630019
1516940497134276610
1451856637753503750
73851850
1254725660918120448
2713078679
1540346393990242311
1471530790618025995
1519567883864580096
1544475424465502212
801182761054859264
1246571969828577282
815264721045700608
1533541722143305730
1409810824026263554
1499690683078168579
1290923964898869248
1496868100720971776
1538485159749636098
1249402950234980352
1247944462447325184
1540378901184233473
1475141447594688516
1479484541660282882
1250668944018624512
1383720856019374089
869145058825601024
1403886061818888192
1291306809362395136
1526298413863682048
1513927778898427908
1504971996853157893
937325804131729408
1488629055641559046
1585350307
1545035650805731328
1503739816659333124
1413238086528602127
1538407951211298816
1527362888494485504
1538116573008904192
1491524366118494208
954494907468533760
1394370187714080769
879360949
1104133516839841793
1522103715137978369
1468525384631144450
1544796883339694081
1361634950605332485
1535198973052469248
1438461714371055617
1537812646334021642
1435858317943918593
1341352292327546880
1465282889533337602
1542487607698915333
1497978582014074881
1296166761155395584
2930738614
1532004941136535553
1472243256259792898
1483531435248009217
1538200341627424769
1307264836863242242
1245265701910114305
1491101530950356992
4899234220
1385532988985913345
791585652840292352
1538840596495966211
1507798571583692802
1390826908145815557
1460228513605238787
953256313294852097
1120205629493317633
1433754403006210052
1544961714864660483
1504788518345793536
1478943442831085574
1536962688315707392
1545075941235249157
1276514254078672897
1449251350856994817
1470543915614973959
1516908360184090624
1515758370418040835
1532091364439212033
1528975702506315776
1538881158259347456
1471628897112440837
1532068730418606080
1475020409238085632
1247419609579507712
1425807595202301957
1031266668054343680
1027559047682252800
1500221550049562627
1536717721001504772
1530906205270462469
1541435547809456128
1105786535490789376
1537168388178563084
1263521035250532355
1449522074796666880
1543557748574638080
1532683907032043521
1390243458217037825
1256430896409911297
1539656416528433152
1537357098111184896
1526633086196260864
1263913092926394369
1283312637460328450
1433502490750824450
1397538977939349508
1224616980512215040
1522959631508807685
1480087774296432640
1544392493302685696
1376252796991848452
1248575921780555776
1469773968366309393
1540370756412051456
1541490904514560001
1541434416924397568
1493708906484359169
1306235677500112898
1481934552784330762
1465418990956814345
1218375834513346562
1538941232667406336
1524318778800095232
1461844221007212545
1517028772675043329
1477521805569052673
1495288080256876546
1467257141388009472
1338621443823775744
1263356308943585281
1504177492793470980
1531762514807115782
1535332801633042433
1424607117923651585
1544784319192961025
1391457719278874631
1233680441279942660
1470132346892566536
1533824394040164352
1402306631883444228
1542402685877583872
1523170147912929280
1487511597383831553
923992242431373312
1540658363486322688
1522643286514675713
1095519636068753408
1500869119658364940
838004918543843328
1542866154351370242
1543520885314813952
1215743678104338439
1313550367691608072
1538564505323589635
1312759920433999872
1312982809250758657
1481296584017162240
1536589571093405696
1539674373505908736
1544697925003083789
930498247470219264
1247834895189147648
1309094732476428289
1518988668014313472
1429125351045795844
1347571203465240576
1067741364341870592
1532699734896435200
3058935905
1481517749981564929
1243239976822689792
1475877743854243844
1190121108034506752
1504888290968842243
1521397963326726144
1529577058447372290
828120729698775040
992395240874143744
1233365787982925825
1544055386193514497
1529993704009760768
1537026248072957952
1498289849329139712
1017153839881969671
1533022665908359169
1412776131615416325
1477709498580152324
1541182265941704704
1508863330299088896
1377687240004956160
1542102650904317953
1379706231858806785
1532598608503128066
1523959114052812800
1543534263471071232
1536742567521529857
1479841294566449152
1532719352662765569
1523756746271035392
1254807619975315464
1542550754761875456
1428098186984501262
3298832241
1452699162248687629
1458000228125224961
1444585076189188101
1508807895504277514
1477594419859759104
1299756267771133953
1407371670726361098
2426964210
1302466318352879619
1460682725556461570
1501973902729392128
1233326395524292609
1536749084920381445
1463625949887356934
1542969868223483904
1539208276952420352
1512355674038194176
1540305513149251584
1398635520993873920
1508310442334208000
1524481150651097088
1478375675082035202
1432615004931514369
1485867059665784832
1528448402291408896
1544890533675470849
1468136505189273603
1224193581910560769
1480797271939858433
1538373943001767937
2624999493
1544727175718395905
1349083257565020164
3883034178
1326214171634114563
1535178044528263168
1529005674117468160
1513835665280192519
1542170157145067520
1314336747044720640
3441248662
1537519637981798400
1480470747453788161
808416534502764544
1521901731407286272
1256834820476489733
1543668906371518464
1543304491428184064
1477631626926600195
1538104005217460224
1535668120270020609
1247101515614969856
1328672254696296449
1434901952693948423
1493175663863504897
1008990195432218624
1537093390893862912
1499832322006388737
1477098882094055428
2310495006
3569629108
1347815130441150464
1544720058034933761
1509979850462933010
1333552025628446720
1534772446863101952
1540591804860465153
1355935793240485889
1355630552896954379
1509272791245283329
1027459876795101184
1331543433073356801
1167012662305333249
1720241592
1319054396798472192
1519731617023025152
1495532865425186827
1477623345084608513
1524455143080697866
1439288920496279561
1541373468364742656
3300730426
826310946050174977
1460265627583717376
1490241676786425856
1439493142605144066
1543522114069843968
1442308551452418056
1537570499261255681
1532745916192636928
1538045280536342528
1536325436564721666
1201515160151764994
1533477632423170052
1541115777310400512
1402501702092271616
1247417496497512449
1542851217516363776
1486820248284192771
1544224094589165568
1480865283317370881
1454818964585041920
1296937115285172225
1247782132778291203
822994300673916929
1194868586612953088
1519734113711890433
1443471964652261376
1332345704719790087
1535011948747710468
1532549275317673995
1512869609183100935
1534091027065233408
3281962087
1173928443962167296
1491579589289730054
1479509627880493070
1500021743351644160
1509945134221344777
1525410632580964358
1541705651398709248
1338454088418271233
1543998479994945537
1518507230085140482
1413167656828477447
1540610468074598402
1403105289533001729
1531402616508391424
832578656
1459820152262991872
1484226034295787520
1541721824429473792
1349505321648222210
971158963638226945
1534835734804193280
1524663555223699457
1130547117410459650
1535379461239078912
1415368243011887108
1539548956325281792
1543813212164001794
1543299433982566402
1477252251441848327
1378089688511176717
1477862208231116808
1504082715209043971
1477603731160145921
1539992703727026177
1486044317651247114
1412400575824736256
29467660
1503475075747835907
1429347123946999808
1429144652981080066
1378438160959557633
1430471335185027075
1470134992244289537
1242035670400598025
1509933401389871116
2495342323
1534647969705865218
1539488386007719937
1083796827026075649
1488865950283743239
1369607902772748294
1489640077605183488
1542014082034835457
1450102945060687878
1288589638781853697
1490127475241676802
1534072083830931456
1283708729960140800
1535293453629853697
1412209447578054664
1541395661198970887
732666979
928247265613041665
1224663962890928130
1354875914509824001
994686202790989825
1138836865166041091
1542837157613690881
1207700094713245697
1417079631539318787
1514236692538007560
1258702917357445120
1542805303393193988
1386172376816263169
1531433791595630592
1517315363662356480
1125967590436765696
1539431355385356289
1351576287622668293
1064930128587837440
1486819559420174337
788366070834921472
1448730055098646531
1201897370566443008
1532250642772803584
1141750416
1329172411846156297
1057424634822512640
1542509898654547968
1541816728010760193
1022898375811887105
1161024354660040707
1290398485783752704
784487470654230528
1404903101040107524
1457583141925924867
1522524271351894018
1336672373571989504
1408318210244370434
1542592408780693508
861497464456699905
1535309081971507201
1287290364739694593
1403792190099369986
1539291918751911937
1442156475095281678
294676473
1037617910108368897
1289432078153637889
789016464711884800
1505410166040276993
1096477854374731779
1358444092838051840
1109031905150881793
1512301965832859657
1389826190488178688
1483439184266334216
1247905710383362048
1213149269235879936
1510699697698136067
1349472721219026945
726806910
1542268213676883968
1523373061566873601
1404338362740318210
1058979482642644994
1491868102707101696
876840358453313536
1346164934787411969
1011581255622815745
872061097636921346
1504069753798811650
1441700016347770880
1451604199633035264
1244733881988898819
1338140189399674881
1495152141857656833
3221854861
1425757093559250946
1524136235270381570
1206971993582649350
1335974217070878723
1431035007880028166
1214799543470116869
1499115270203396098
1463797595038490625
400657668
1392790837248004097
1335905727953690624
1533532015424831493
1351144959173386245
1505293428397158400
1395697574531710982
1534197534314401793
815621681330946048
1425922374000644105
1527630639800930305
1506219052708081671
1498777381628227584
1308318478122844160
1020535478444060672
1187989921665093632
858062914095386626
2223739672
1217914571282886685
1461853249242374153
835784391624392704
1518121776336809985
1221980055036928000
1533272698222428160
1302305349979066369
743378031302029312
1284485109203243008
1471586941594443784
1337510931396501508
1243523313944723461
1509160367217422344
1342956992537759744
832738552920281091
1159066993477214208
1287530390
1511065174509240321
1537314736156516353
1624265018
1135861196542947328
3782818994
1534099611123605506
1479273251121639425
986862113665712128
1489645626514153479
1376246201906003973
1496755857060675584
1537195713062486016
1119134132833902593
1384921730204925953
1225783598302859266
1216704998559506432
1391059535410913282
1487871624946794497
1458365305827336193
1522877020539084800
1126725042874675200
1482817081674539014
1376262655615320066
1409388155887927298
185422317
1438491299150278657
1394167900903120898
1512411047877038085
1226234264892641280
180297481
1515245700208070657
1449106128005210112
1395780778517143553
4501700655
845767620590755842
1539945666985828352
1321451808527667201
1413548170299183109
1506802509993725960
1517258812100595712
1397483377075306499
589991415
1495101287926542339
1487839593483456516
1488458213733322754
1527340733115469825
1535638140089679873
1525293138956386306
1213732692686065664
793139546200346624
1535778309015060485
1237413346401488896
1519039784265654272
1076748592239599616
1512963265554485250
1365021301296017408
1480250427421728769
1482716213310545920
1526632513040531456
1463735878174580736
1229372710951817216
2921014479
47349772
1370918826343329794
1218159910208167937
1537925689759784961
1453087728036364291
1339272674820972548
1123215627529801729
1386824958794506242
1211807015980294144
2620089687
1525504395336613889
1539865806938542081
1445906886918873090
1265172949360955393
1536715881882976256
1533115370621620225
1532831081522667521
1506350039639203845
1489206654377906179
3429784787
1539524353758572544
1439691135417454601
1539924452363870209
1534251170734166018
1498239358192832513
1522510078972252162
771830367808524288
764870807659184128
1364661521452851202
1483748688958734336
1512153924987408386
802980080154767361
1934736756
1404787130963050501
1538977980923486208
1540447594232647686
1502725884607881222
1377151099581333510
1289368571269779456
1394607238044536840
1532969267662147585
1504460102195101698
1498636246259834882
1532673101531684865
1122963524001652736
1479562416765739011
1537332537646784512
1415344922060800007
1391736539529498628
1479832845300477954
1304143679138025475
1387050888984887299
1512346793383809024
1258759231899140097
1168193208825856000
1480663011534716933
1541812976444768258
1331124555449044992
1538476983075610625
1541938961035268097
1293444117637353472
1529284652623708160
1456297717236473862
1247850295511650304
1540009497149804544
1476494709854031875
957579652939288577
1314950400118853637
1482410130004221953
492386494
1408498650431606787
1515764010372771841
1539020282173739008
1476186647603650564
1353696261195575296
1337746769086701568
1452537424505147398
1380183381326069762
1445313900224843777
1307774514097422336
1392876136871383042
1345160828937498626
1349636702172659714
1428786723186741251
1541130689961250819
1520778100061224960
1297417307573100546
1532837224479621121
1541179485051097090
1539157294612680704
1388172605669138439
1267113468064174081
1430183979949383685
1129699647734341634
1532935674114019328
1505104701087535108
1533696739810627590
1533748364063416320
1196951089628811265
1247197580670300161
4111784830
1532443404084420608
1538204156565016587
1529958926803951616
1533743800455254018
1247954298756972545
1530230863048462337
1449082821503590402
1242877691071733764
1475470653654376451
1534895742023868416
322070032
1537078551639379971
1538231594795692032
957378595864838144
1413865247673180162
1330188094826557442
1492546212666425348
1335631681227788290
1530923082214416388
1536622260395692032
1536826235854151682
1526534070997499906
1533165094783311874
1220940347594854405
1355409521808723969
1377459940864888838
1479434449943207939
1424125637338353665
1503456224376885253
50173519
1407775513708482561
1533190353242755078
1251985494692499463
892973098034659328
1481513229490786308
1527609466853765121
930196057874722817
1075983747709841408
1353002886729498628
1510590254352371712
1422466437663371264
1540070943808266243
1539528093962051584
2661245654
1476111751490027531
1539328091901681665
1471758015313362945
1438399414108934144
1529729749274198016
1525279672430362625
1517787689960951809
1423663420679852037
1407297800879198216
1536746142909747200
1539603822745489408
1504852072801349633
1403939764391141376
1531501320640815104
1533349779601760256
1528364281166565378
1471037989157543936
1538406949129183232
1483163865491902468
1479511197422661636
1520747924522774528
1454454190093307905
1366328830886092800
1526621977460584448
1513919996455538701
1537556830221631488
1530989402427564032
1537294514569748481
1437956715740286977
1067430760209137664
1520646941109112832
1528177135395000320
1383741700137390082
1263490464843354118
1533358272870244353
1512663209399967746
1531371768216268800
1535520824991555584
1532527354349756417
1286649445015326720
1492689280606650371
1341686847500652545
1521799752312143878
1510265336079302661
976078681423712256
1527562053455450112
1538118518717267969
1529455757598523393
1536943671387598850
1538398882241159169
1534157401280200711
1373848588112048132
1381967070821150721
1532515253073870860
1495077023739482120
1163154051154030592
1533509374303404037
1024731737656631296
923247013705256961
1538425081185153026
1513075536385527809
1421774071612723201
1521205680199323650
1536766190860832768
1525707355580678144
1535581131680190464
1502675243881611266
1528882024735440896
1532450458824065040
1444385243230842898
1504397094018326529
1536980139719942145
1153221176241598464
1492210064043687939
1509478397562404864
1517185669352853506
1537734540050976768
1301612759344267266
1459845406515466244
1421361073287057410
1424994991546322945
1432723502356963336
1535377334701809669
1437304278662750211
1436311956672163968
1260688315952648192
841162645294190592
1393956398761975811
1328754524002070529
1413458801022304256
1531770569703559168
1531284066498125826
1379717541682151424
1231438002854952960
1267359204655931392
1113883305596850177
1364674425090674694
1485567353798619138
1420431936095404037
1410460367722102784
1512051318294257667
1496955243036352521
1477876100059389952
1528316609470791681
1426195925119258628
1491645219279818752
1517221043806552070
1388803285994426372
1535271526903193605
1380276430395867137
1511074165238992907
1186508280505483265
1439265782656081928
1365031669330157570
1484109062421815297
1519010005424517121
1407761518423330816
1132671714322575361
1389373592773828609
1530248595840151552
715453289299648512
1390081920017502211
1473400243593043970
1523997612264894464
1533891231138426880
1515690080802942986
1131832176306208768
1534638543317782528
1150785519292469254
1515015745545158664
1383740253274447884
1292185308860239874
1527896883368181763
1195416336899424261
1458374007330426880
1534928948207009792
1524677417650077696
1088819238419206145
1464625981034057737
804005165502177281
1516068188752158720
1483813116328792065
1534865362080083969
1532299717463490560
1410217304772730888
1425096134037544961
1300139409354956805
1043850947066236928
1312059234478063618
1358717998387896324
863556888004358146
1524693492651409408
893968632702697474
1531323571766628352
1139561640393871361
1469937929455865860
1002213596586299392
1253284426534002690
1485289610326405122
1399441024196435969
1241660767272910848
1006365759428325378
985575022495444992
1296901334956998656
1514617496103383041
1252043750018183168
1495434989017653248
1530920649593602049
294424366
1486683149761449985
1393586380492746755
1477866164835561473
1249055395051700227
1101225336036044801
1401189162712174595
1534936211583815681
1135673985654558720
1484464048343289856
1471562468560449537
1516539860647043082
1388591668736274435
1171783731251560448
1194921595678216194
1353955207995138048
1248695619167928320
1415576331438465025
1458491558299201536
1284631279867252741
1265770752751607813
1386251190447521792
1393154384385695744
1478820990062940168
1405754815565602817
1488214485269553152
1457648591967866882
1466223946794250243
1491776010584526852
1440919706605588481
1479076244272693250
1366063281081827336
1483325664346484741
1313469115189862401
1499977251118628865
1470780401870417925
1218189206016622595
1329546008301236225
1532410437362499586
1530121346281263104
1376080120927109120
1401461917638615040
1399836561068396546
1478080944527523847
1247926886992433152
1419776353713360898
1285492800444723200
1296748471802888194
1361726715538640899
1481989753901748225
1308049189557895179
1514333038855036929
1443511747403567104
1501750974712627203
1458577328095649800
1524951833881493524
1009374047111647232
1360661540098117635
1524362495732948993
2321984988
1452210344303149058
1287344846039142400
1533806268716130305
1527578303959289858
1504216270140551177
1525861997199478784
824861953050828800
1520246190092263425
1334915835392090112
1376224938869325830
1462308499073949697
1532459735114555392
2527352101
1408822079194021894
1517280058389508096
998572379277332480
1247109766897254406
1293149738825658369
1487070801958473728
1185342890064650241
1457669857474924548
1316369775241633794
1527183341706952704
1436692243239346183
1518170621749911552
1507779090601979910
1511980580451368962
1433857331641597957
1323644125967646722
1522342303549042688
1397974449257865216
1478617733159964677
1205231645281923083
884521169247973376
1512838865303838720
1337464589332647936
1476568116469633036
1498238799540858880
1515987029405933568
1491620950886043660
1077910710888337409
1533309852595806208
1527577531234361345
1415330472356454405
1329793045810831362
1371132296280047621
1526199118242119687
1533134587622301697
1394940345402728451
1487240808143204353
1361738402094325762
1343239722131464192
1499696719549718529
1161720755991846914
1243276264007442434
1149064156223553536
1466758790850781186
1477025766839918597
1488105648797716481
1479025489729634305
1484232157782491144
1524715940021030912
1247090950905741313
1489966125878329355
271200042
1456531643599138819
1478773889840955397
1484962744898105353
1491889025602387983
704286840443047936
1407570081907888130
1476943252347572231
1147927587676708870
1492880002312024069
1445862286208520193
1509198612265373713
1479372705023631363
1213730943006953472
1353406857491214338
1235662671745355776
1499074073581735938
1247906228220473345
1520427619686170627
1519029079734845440
1378313836588105730
1522599700553158657
1524420214624067589
1202909096086769664
1319321278495494145
886621289154322432
1531181938488266752
1532868396030644224
1517456633605021696
1454570139102416904
994279880652197896
1121166165282369537
1529218431123394560
1399817856594989056
1507498501063774208
739035586070188033
1492940806625316866
1503066225575878661
1189857797472567296
3413151921
832572761939783681
1493125696910249987
1186315398297378817
1530487886801514496
938822912903139329
1359897236839288833
1048112494835896321
1007780878301499399
1425351063549403138
1532782465063985153
1360138482442637314
1247098788642242563
467367002
1349036772475371522
1519682516969435136
1009688497387704320
1532102495568273408
1395491349089095681
1366751796409040899
1531847208231919617
1328669299754622976
1320287756728324096
1138453696130535425
1366781390050775048
891545999495368704
1484498414020739075
1095667019683450880
1479655485536186368
1527579656530042881
1468260309190299655
1517567533666254854
1423033517458534401
1416006559516274688
998635343346896897
1421923709527461907
1118855489977225216
1262247973788045312
1330057330021572610
1494280776216580100
1223943079029288960
1433826643236331526
1531657492626821120
1239219835067760645
1508187194397188100
1471695314423881730
1393632889879896067
1390587153240006657
1531642560338354176
868236810501148672
1247908066932199426
1490297246327390217
1491620825132318720
1430959408985559046
1194062846327283712
1525929391280181248
1459712370113134595
1527636773731540992
1504777895344025605
1519723308836605953
1532440071298850816
1101037430549942278
1332999925710417922
1089071233940054016
1511600431268569088
1522700490588499970
1479558076437078021
1401262375886626820
1527695788515954688
1531305522766434305
1531649420835573762
1506161608158236673
1475354558658449415
1502216211320520705
1530989454395068420
1519590196303515648
1187411477633875971
1043433422792916992
1152272347619086337
1531545269086593025
1399250539293155328
1444627587553181699
1527886653334999040
1489443841841242115
1488902758816272393
1474821339701723143
1528976163955154945
1266589254391652357
1515405207785639949
1526132025044119553
1531923074731364352
1532259658685095938
1401512863802527746
1527261474900656128
1293307706024112128
1407724292989665282
1494476735777226754
849894539015979008
1526567585500000256
1513792203046412290
1473885294990667778
1340502316382904320
1521886985899716608
1509531022068572160
1529172713432133635
1260268749896257536
1524134521964277768
1511050876810670091
1490388679138893826
1519649068020027393
1430925218298712069
1513859468362137604
1284141509525204996
1528345659505618945
1477647800351531008
1513198470957768704
1488152183967211524
1529473266057940995
1213165077534085120
1490762197999435776
1489567770912165894
1531284199889575936
976709648748294144
1341660717200666626
1516864272210477056
1531175063432593410
1529054155461087235
1498197193324388352
1008028995609333760
782000666709491712
1411369194097156096
1525413757647589376
1524612171879141376
1483055239183929348
1516277474639986689
1516281056596578309
1011260997737295873
1521466978464002048
1367134042685116417
1505556969242996736
1530426762718494725
1301793377277575168
1499438524759687174
811350242855702528
1295753295730884611
1484420753583915009
1418241184565239810
1295989979806601216
1388123609852428288
1487087195487883271
1475333098376032258
1528274147339558915
1516128455095640069
1404514610770755596
1525414373602246656
1527742860916936704
922733670791897088
1513960322805256207
1343316371497742343
1479455385572585474
1496921609889882117
1478083587157147650
1530560081389142019
1039541970153164800
1091013134826065921
1530553229829885952
1474779855782920194
1521557001817530368
1529550972170686464
1378675354311659520
1383860868098658308
1525735703270854656
1485520891102609414
1509544890375585794
1506552907486965762
1436788899838320640
1527971706622582787
1499673912967409666
1527485992210407425
1530482629216174080
1268425208957997058
1526292725724860416
1520502871841980417
1451850853497729027
1530214031377719296
957198424708931584
1529908372979470348
1515388159814688769
1520864472801308675
1508438821515501569
1338861634224189440
1520678298510147585
1112295971868823552
1492559248206802948
1524005846656593922
1451178760397594626
1525268777595715586
1371889646939078659
1530326414838349825
1527584880896385024
1530325573603676161
1526821717661859841
1524332461332828160
845422360668852224
1502660239878991872
1069186802
1506024075872845826
1493649031016366081
1455123465149861894
4873031667
1396209574248697857
1474434627678973957
1498282199875006471
1529888501600161792
1518858203106267137
948280534832095233
1514657502561902606
1288368223998611457
1521667114171437056
1499444540897378306
1401274593118142469
1471434489180172298
1515642875698204673
1418256257388105730
1518622469116080129
1507402541604212737
1148065934579503104
1218600878577528833
1505338183957065733
1475071656871792641
1526475581172359174
1514096689812221952
1452177764371550274
1447108587097051138
1524787338878013443
1259559851778142208
1522793528576942083
1155589116400005120
1525533501768060930
1427646106729582602
1460870012168777728
1527574835131564033
852117259669700609
885759488090943488
1307247534109327364
1528842056990334976
1932051193
519753016
1355723026881511432
871845936791793666
1460346143863357474
1313415256501350401
1271559895771471874
1313427309412716544
1504419649479454720
1509244740314832902
1263584058543464456
1521623328229888002
1437136443692945411
1444960762343174147
1525683952245264386
1528675120864272384
1018573097841188869
1520415230408409088
1488962236974571521
1178971260379975681
1237127351797833728
1213938666403352578
1329825113911472129
1428420690051571725
1527124323055685633
1218217614037716997
1424407630018195458
1478025715190841350
1461337681179381760
1217995942084907008
1149408680082837504
1475426222402420736
1517698245333561347
1504437240470065159
1495788073657024515
1351819290723409921
1498871538728136710
1159703676363124736
1514836421626015744
1473886393449566215
1511609625493315585
1480298721590005763
1457796682402385922
1500170739500171271
1525385812673810443
1458836103377608706
1159742343643369472
1525547955108909057
1344890850954932224
1430289710417600514
1495730626879762438
1456249433071525891
1077883954424934400
1486883264170233862
1502325865102909445
1527911678037241856
1356465419360473091
1296869453121101829
3152774741
1527381811017306121
1504205909358129155
1418290906579488770
1511971391356035075
1494360866459893766
1490660055968010245
1275900518725029891
1123362192236138496
1159813467148378113
1421888058404786179
1317806163258347524
1502316276433178627
1292304163955671040
1490502993694932995
1403253728065490944
1524896847155843072
1409127154164678661
1482765151455617028
1518340416579457024
1526605414862757888
1511652334950096902
1407990318180540419
1446691464289865728
992722200506634246
1428625050643701761
3118389294
1479126532153135104
1516683492612059136
1524082864568119302
1486680580087500801
1407597687504097284
1215317922131992576
1517876756992208897
1518534265377546241
1517508594077425669
1446411261739163653
1526908611909263360
1192299781047103488
1467079340617650178
1246421846817472515
883706841796104192
1521436733015007233
1525334353303199744
1522154683078684672
829437802081312768
964785138692427776
1522882828811345920
1451971891678285825
1491692973935185920
1502544168979255299
1273344861052252160
1480183899930054660
1440310882106413073
1422556706412847112
1413153579385298952
1067670095160213504
1380114723946049536
1505619913783844874
1220803803659821056
1290734127449354243
1510880735510499328
873114630075301888
1492926311605710862
1372223857847898113
1477743704307900429
1151939295151906818
1524949933845008384
301475205
1498861588723519492
1384199389661458436
1429696473839677443
911312320818708480
1479060405645287425
1517196782891114504
1418692078922571784
1516013230962974720
1206916755249156096
1490419541553393669
1015508346311307264
1458886396282867718
1133424071553814530
1404350411226632192
1346940159330144256
1496380167106834433
1355187667433099269
1489208102209691657
1486791134609293314
986298373165731840
1518220047017254913
1510683206793801737
1469511848869437444
1016389950936354818
1517929520199782401
1448364924166619139
1362048304993959936
1402204469434191877
1071328129610850304
1895394908
1259172890345340933
1453678660125405184
1462293907807817729
2359000038
1222445006159478784
1386857551908806662
1516715475081871361
1357781969459888128
1471147620185919488
1481513347581452288
1427947342032998413
1401245472312991745
1402943908225691648
1518320113728081920
1419559727713955840
1510163748325142529
1473943731631964161
1345681333717241856
1490224377228500998
1522251408862588929
1134412324767510528
1492079333636284431
1403667149173014529
1523592545149853697
1200121480861954049
1480786792940982275
1215213928357277697
1523178046345392128
1443807493822591006
1352580318801367041
1311987275526537218
1247921443108786183
1491826668150919168
1311253874733445121
1520505116884934656
1477275720296677383
1487644414696693767
1513145950734364683
1464685490960060416
1480111561922555907
1146291014933667840
1477766649273069574
2667399394
1490111912641806340
1485146145982754816
1525176227736473600
1007813005852184578
1525175404192931841
1411765913813061632
1521145162725875712
3367692142
1511778239714414592
1468891859938418700
256462360
1476450591144611840
1102895131819233280
1083407419600850944
1425745553879707649
1520109216572354560
1406540813014867970
1478105584381607936
1397102263575879683
1441722587172663301
1524008594911412224
1517201407102889984
1436919751943544833
1401083958536904704
818910983192252416
1248502191343562753
1015943725841862661
1473920452892540934
1521564718825152512
1024158372109660160
1489161682219933696
1521889599685107712
1435554090658971648
876670827294588928
1509953265580093443
1481281719625936899
1515551011963912197
1334766934072709121
1520741578029117440
1260250498126487553
1265689030198300673
1520327632851587073
1127767462420852737
1514453401421201412
1284607390646710273
1522823627825106944
1522263933364617216
1451920733706334214
1519823162925412352
1470101334787604480
1523674738983321601
1478000816111992833
1483037682938925056
1117535608975568904
1490763995741147139
1417912745400446980
3400386915
1460910018442797057
1272526754821832706
1517924888912269312
1519940852440784896
1125087875484332032
1415289605096628226
1497338357210300428
1518632300791140353
1367757940137074689
1510639233853280263
1514070397351776259
1523430685385666560
1375732439402881024
1220376159227002882
1520918645555277824
1522551241489985536
1422836784006848513
1517248646655401989
1473957563909689346
1498214918260236290
1391756454705590280
1194904790934966276
1457800599936790530
1372448033816907777
1476951476299870215
1484064588601741316
1522995592187756544
1455577401153376257
1517546988145111040
1416693954280660999
1522820060095594496
1522907762220355584
1369384286378471425
1343985483769143296
1286047883800846339
1476934712862068739
1225660426681077761
1424074214286503938
1655067792
1493888320484659203
1514195781363904514
1504179436148740097
1415665613532393472
1518496499084238848
1342580716350164995
1520691602297171969
998247267311259648
1522175135637454848
1518256874289827841
1512497403269627905
1401120746412314624
1362481029420879880
1469182127141007361
1513205371178995712
1213763542723125248
1520480494177210369
1402661684167196672
1521202004604985344
1058687306834608128
1521246313098223616
1500756294881452033
1497691478717513734
1515801703651721218
1522446516157300737
1214982978570530817
1442529005236719624
1383734381710254083
921491169678385153
1401395412284493830
1522544801744187392
1486763470519480324
1493315747820539909
1276837037325389825
1508349026999148544
1231847244577378304
1248039783336759302
1342188094787891200
1422213797398384641
1386612967110807552
1396397415020646402
964561864712769536
1247861843500183553
1482728404961173504
1522208955103076353
1506371361358647299
1506623057661767680
1487088037502803974
1302184136669630464
1517544435999035393
1323522648136179715
1372082681345871873
736626607448817668
1367063690218901511
1520079542731390977
1461234520812888068
1413788781254254597
1365647861208125446
1489988173686087686
1496771893717839873
1393721802396950530
1426636887234686981
1486817034402992133
1512216349455659021
1477322114231418882
1360297654039764993
1383659565938397185
1420321274841108480
1488809693963292677
1518834358727188480
1495640385699336193
1213123734598348801
1521834802210648071
1268548018313314308
1480642646653689881
1105044463808888832
849850245337034753
1334173245998837762
1504163615082881024
1511690911469785090
1519476764283654147
1514571806723788808
1448513896533344262
1483201044528222216
1510190735907340291
1515013898977619972
1491835997528760323
1512977048221978625
1267219074766995459
1243294884750032898
1519941611257569280
1484634231791882244
1066857348541501440
1521797911809388544
1514956925817008133
3960037403
1437728258229948417
1468515872499187714
1514117890588426240
1339195439082573827
1283540668405538816
1517858262498127872
1216792383737733120
1494007046307463183
804727072467910657
835698364410900480
1032873050503561216
1482620897303347201
1517908869942595584
1513054070117965829
1036198857447825409
1923035916
1494230873369190405
1496917638500569088
1443685626268766214
1284533209628397571
727349204482449408
1481388754057236485
1489190194175778822
1515016071539216384
1517522755012505606
1519269888640131072
1488233094691926021
1390463803544981509
1508365867121360896
1396114597317423106
1509536282128572416
1258516547393523716
1514014011263700996
1499435864597975040
816732342823727104
1522162718593138688
190152162
1436705922739580932
1439166315374202881
1513905785461522433
1516274136632500227
778548150508421120
1284948673068236800
1517897757935251456
1393658156107116553
906160956501364736
1497301463055351828
1508811022513197075
1419850954279686145
1390742372737224714
1124762154643668993
1494578474010480641
1518315251674058753
1517918859654795264
1488229535417913346
1108788192130580481
4874569852
1281624400052224000
1493172238832578561
1446773427172306951
1470197190035443713
3377291073
1519518603699277824
1518387055117676549
1362290645436612608
1496167612056752128
1522206224636608513
1487448907194023937
1263762420088164360
1246462348728164354
1291241591533785090
1453262066211557378
1501090209689182212
1414481999893516288
3293275463
1499058040930283528
1521888797025357831
1517891295829757953
1504697633830584323
1505434273091932160
1226564874588868609
1350089088959967240
1482357222638301186
1383076144522612742
1321040498677657601
1483163654728126467
1446585763014004738
1518824752458178560
1486786175155294209
1512357128740036608
1261392593042247681
1502055958649974785
1519170746605617154
1479450471618252803
1444304021162954755
1427177910906114054
1485614427948957696
1440630636478230529
1479397118829813763
1516483486865104896
1519563677069983744
1520465984611569665
1515253493791133696
1518386574861471750
1341476266604683270
1085566137855819776
1520643780625539073
966747151442366464
1414540888748044289
1519287542381793281
1508809085499719692
1496942773324288011
1522147976696967168
1515465501669044224
1522131196909846529
1519610806584987649
1522110354205323264
1195459507058593792
1518969189368832001
1518812209995997184
1414972502175109120
957524200243253253
1506973789145350145
1428686738046791680
1487901346053472269
485953435
1512681609702555648
1359547651125964800
1521654953726693378
1517539292335292418
1479533230470672396
1511736884459974658
1218930494512955398
1478246523209142275
1454748478140076039
1512447797391499266
1466533519270846468
706759519892713472
1507448814285856771
1386049365278699526
1459949027882057742
1397289593683300359
1519147419576975361
1475087976703090697
1405446504404369411
1323576341111951360
1516469729652789255
1518284205536460800
1517183258433404929
1319605765452238849
1516064449223872512
1088315945121181696
3981877427
1518535024735408131
1292490021249921024
1520767148406325249
1516666521187241985
1506927090771369988
1468213311489593347
918574715320655872
1460693271630516225
1492648044894072834
1291284378929307649
1250659616066883584
1519046227836481536
1518606967371096064
1349751711842390016
803353417699692544
1510013994379223047
1515774000496091139
1267382460842557441
1445816796976754700
1517505009528807425
919747889219416064
1393623774839324674
1064147946592223232
989129487966236674
2268293779
1007672581107994625
1222500100573843457
1347559683242921986
815446523739852800
1482860897659990019
1334247657359831040
1488150370631225346
1516295254386769922
1246533560955219968
1173688528376606722
1334503766456995845
987393878226558976
1259453512880029696
1514592776708448257
1516048619991932932
735708053241090049
1404385426748710912
1419349936458633218
1335122757596667905
1515919434157903873
1039182312
1483295612581912580
1207750802619584512
1485431678642229248
1244823011829649409
1411187670005567488
795350343785836545
1388383494527766531
1214931981617782784
1374058656187170816
1516761903892025348
1517210392027672578
1216228005795827712
1517532806708363264
1068890298493935617
1383374061082796033
1515679211134062600
1501251580481396736
1226909602295549952
1495859114660052995
1109731178679029760
1217143761727381505
1519278612322697220
1425798748295282697
1000783571655823362
1431171470894505984
3083387626
1317581414985048064
1253298002313314304
1488447020557864961
1517569700888301572
772213908362915841
1308342079542755328
1112633942153355266
1090633433938841600
1520002796313059330
1452682397015810053
1488604273965518853
1452228945798213642
1496183940385759232
1261654073524326400
1401201132173676545
1462498399022981125
1475639379850899460
1393832345371922432
1100381085672697856
1868764850
1460243439426195461
1418275928258531331
1487806215849656320
1493637258599178245
603610898
1519964723739041793
1514383337913262083
1385058933115559936
862254183814242304
1108746107100778496
759301606731120640
1519585852011261952
955651014
896681690864783361
1339335083514343425
1512111907934818310
1430484646060609536
1482082304298151938
1691116495
1514639738518401025
1398027065165848578
1491145455086063622
1515322016575987719
1246992943287861250
1518573177697353728
886456619898470400
1519744342092570628
1510315045506400262
1446697097684832260
3417772817
1379696290804682756
1490221375549845508
1030093199497461760
1493312112613076992
1519624387586109442
1386989293936197632
1512876863575969792
1498610287334891520
1517541329890385923
1475689143363588100
989765623214325760
1485694515956445189
1285166432951496705
1344736410
1518637891186049024
1014888663073902592
1489496283895283712
1468266994818596866
1298309141690232833
1519257861745958912
1516404951773237253
1463530120006684680
1408896026220584973
1218520611959508992
1376216184744521729
1254017192879968257
1499483783904518151
1234990442887794688
947898664575537155
1509228879893962761
2563931214
1512255124382568473
1517611356257755141
1495472613308649472
1313943497423106048
1407930234196877316
878859717896007681
1383143234
1473918338606764036
1292795194945843201
1493223703945138185
1047862706651516929
1500068639344627714
520539856
1514613869401968651
1517099155608453120
1411236930344214537
1454371873802887175
1484522382341681157
1441508147001102341
1314237094009729029
1489889970856906752
1503588427836665859
1501570515479191557
1130040574470283264
1519036913835024385
1516731806564982786
1239812683060428802
1506196950315585545
1513784481781592065
708371603235717121
1496835633926524933
1515601541104906252
1500698008232542208
1504561332280074240
1478063293281357825
1514171614069497861
1504825887371505674
1443320094860496901
1517171771933347841
1234451636120117249
1509570057781018626
1511619411798540290
1519223094749106176
1519055363722682369
4767553958
1493523394947649539
1486593840941305858
1513803452035469319
1512058753893416968
516558182
1488192450506199045
1364956487836176389
1504501990503567373
1512113803026128898
1514893511467978755
1489659002749440006
1357749082241044487
1359766946535849987
1515642434696458244
1212630958177783808
1389925813575892996
1332051112631750656
1497957100378632202
1466067799177150466
1496184900734439425
1328665994563293184
1287652905479213056
1308682280454500353
1499730574684086276
1515653515032633345
1493994261142020096
1490792082625241096
1487028145186295819
1442501359790542852
1518712626339098625
1516730448746991618
1514161645152612354
1488583266714066948
1440955575312003072
1139793792062644224
1307169711214465024
1401994432782782465
1469686558798327812
1514551736119304195
1458167138494328832
1498876165754347523
957733600362983426
1368438924180348932
1468849596805885966
1514493118497837056
4859922879
1499792865500745728
1512975438678745088
1498062956571111424
1318193095897452547
1494419146142097413
1217200973824827394
1512145505916227592
1118368228051439621
1459878335249625093
1373057818236911622
1487476307915071490
1494711531862478855
1490741841645428744
845656606230695936
1499995132439011333
1350699237915373569
1516414549712330766
1502878854549065732
1509862755288993806
1480218965892898822
1490604215827193856
1232326335516807168
1399107297595465730
1515800472010993666
1476174114071072769
297567096
1235506382004076544
1490615564775137285
897055198648180736
1499096962959917061
1509279617265422336
1514908215464583168
1046376553398046722
1514862383826714625
1504728712960700421
1512881840553664512
1502616714038632449
1492944970885566466
1306272731428605952
1161866971820040193
1476209491255476232
1404170791609016322
1491500015499554818
1367388376865849345
1500304374437974019
1501321206737391619
1414958089283981325
1459106486458925057
1479544412292227074
1217969211781394432
1495100964612804612
1514101760935219200
1514032630467072003
1513976012073467904
1477356070095962124
1513920968648970251
1510348701880958981
1499780373659717635
1342222881015672839
817782770558705664
1080937239436247041
1492927991965442060
1479714995353051139
4838028267
1077719780235362305
1491977575786106882
956993339060117505
1464831902385377283
1425445778076717058
1299989467936296961
1485660438469693440
824295621087600642
1287635124578918401
1465061380218933252
1306857371239620611
1439128747479900161
1484201694539907077
1334933251681554432
1500056553629569028
1369201401369403393
1365550975306653696
1424424086369865729
939197961879289857
1482823181027131394
1089932286747992064
1512684807506984962
1426058462237188096
1507720726039736327
1213159150118567936
2155061720
1502571993614503940
1505652690071793667
1397912188405252098
914536649476001798
876744182873956353
1210813003613917184
1182642110400364544
1394229488565821445
1292038492512542722
1500151863152365569
1310266822911053824
1508543073185415175
1408498632614088709
1487157700496707584
1509184615315030025
1191466614341951488
1256862826242682881
1496999738473947139
1511118037990182915
1097456324420558848
1357100698094174210
2343374344
1509986624037429254
1355067259606032388
4772053709
1370717442876538885
1512125726488674318
1505618458083569664
1340695266849140736
1240489899444371458
1483830072146546688
956261449730592769
1283751821362724875
1469727442315067394
1202329941745917953
1469368230292586500
918968687956320256
1445867155749158915
1247904250857836548
1509221662805352465
1400124761016094731
1434932286806396929
1481336032490573828
1494680196733145090
1055530139952517121
1214147781234847745
1503483718496890882
1102643269245255681
1464295947945525253
1375301572817747968
1467721702180331526
3142306563
1500800474068525059
1512734109981892609
1177892205849190400
1512437270602821639
1432709886513717262
1401846588260065285
1512068504400236563
1510573358655619073
1487580479578644481
1510858974433882116
1510845081699332099
1503568028209926144
1510135434243883012
1496227229336014854
1477331946095136779
1490592935838199808
1512789621217894413
1401387099513819143
1005044305067741184
1428655293672611847
1424266894643716101
1407894894308257795
1512670634920353792
1512658027060604928
1503277949398749184
1479745204773130244
1374914161352830983
1300008160514781186
1282424897961177088
1498241521073770497
1214539135412686848
1471254586161778693
1501461132594204675
1193997578389594113
1480618307745193985
1426438662984802315
1478100708436201474
1456908012212617216
1247839779703660544
1491493655282163713
1442391660130828290
1294986821072556033
851464279983370240
1343624458632900608
1512350255215517699
51251063
1486937244996976641
1451847019119710213
953770605136039938
1192472750214041602
1072540749722472450
1477759071612817413
2524098778
1385656890454118403
1477733623562440715
1491494946578341888
1508971436525948934
1477590556444401667
1481052478598787075
1283140239905693700
1448567164378681344
1498695333135716356
1511765639173742602
1511382179557036032
1511681033879568394
726482378575597568
1511087967842058252
1401487470664028163
1511511195555086340
1431390873653235712
1509515513516466184
1490398900355743747
1077111992
1428148502559870979
1387678696534839298
1254558030525542400
1485226774933999616
1511398404672438275
4896235504
1507771979692232705
1509121956712431619
1506713842331627532
774396410057756672
999054826641162240
1469929199666450438
1483521653409992704
1511269485092737024
889522382322511873
1479184418686263296
1480239767677812736
1406300125773893634
1243789524754485251
1361541465491591170
1369416104297267212
1955011189
1490938865611378689
1511019141762883590
1498985252135526402
1507227170137116673
1424618571854868480
1462815211438620680
1482278198150840322
1490723150425907200
1494426909819682817
1509836457464283137
1359390796210839552
1462474136601698308
1463907986766798854
1510607718259732484
1485265207471575040
1385965924780552193
1505213709513281537
1490404457208815619
1474000095918305282
1486915428488478721
1509228628160258049
1507842394447880192
1498700568382033920
1510945924813672452
1458914399696138241
1509233100647276545
1250738421695483906
1221475366113546240
1344952620822224896
1040304274859876353
1498956724748931073
1488483417176129541
1396353716438065155
1417019150581522433
1508482556605382666
1474692491987374084
22623856
1303212294634119168
3123821548
1349001172728893448
1448351253780697094
1506232512003121157
1510807727366320131
1265586782
1220097438855454721
1510740242160144388
1510741471183446017
1510107138533691397
1390849774694420487
1494722325949947908
1284129533738835968
1399839173960372227
1509357935243182087
1375186476351287296
2857025686
1368136590132977664
1503421081314631684
1330481831402217472
1503311957138370563
1509152931811110923
1347351412381020161
4766307152
1344251912129015808
1502921633845198848
1095452450226610176
1500771957767344131
1354256522281365504
1390030460730945550
1028970212744421377
1310114631868919812
1507221089994387470
1002650782473256960
360672839
1328781867072573440
1497697279326703620
850771981532311554
1502701274873143300
1217881259067744256
1492516997271375873
1502563604708884482
1433325860048801793
1497462467068366854
1487091366081482761
1065565729901166592
1504538629535895566
1246735117369966593
888368810960584704
1338063482957152257
1501290929482866689
930172283011944453
1493102209134993408
1479827729516224523
1362850817494159366
1425749131356684296
1427599873973669892
1249179478628147202
2221940294
1479672210570633216
1429548690650370049
1493487177975611392
879540636948606976
1252599141638770689
1021279904049123328
1496850209967677447
1657695230
1504134852605583367
1444027102081142785
1482152386667950083
1493674300448071681
1503390892983472130
1488492962208268294
1463135390286503936
1409453179943718912
1285660418036436993
1426287190888353794
1023779346945855488
1504522016220712966
1505073717411553281
1502541179228983297
1506332593465151488
1509575509038018565
1501893230731960321
1101383843997724672
1398875311996014592
861203310707187712
1458890466984816667
1333322257612107776
1506220627841236997
1467160055963430923
1261633322016550915
1502557486011801604
1247951831134765056
48390383
821708891532697601
880456026608238592
1448085277273206784
1121830997564252160
1376409963732566017
1501672472759857152
1468428702086307850
1104323581478137856
1179321625155706880
1453482040893001728
1508175317348896777
1376135641667362816
1483200582357852165
1493666433779347459
1255563517010284546
1419235494685204481
1501884583205384197
375277999
1219934899450339328
1501837833354547201
1290209383796834304
1230756289854111745
1293823073716768768
1458020323039883266
1443578063023796228
1337945273314783232
1504746209810042892
1480439142043500544
1378288971743178753
4088402656
1509233695177293835
1477310661533519873
1497226809376706564
1265594569628037120
1480613630970322946
1507972498800922626
1324817664456511492
1505125553094995968
1284219965009276929
1348907113259667456
1486073007353131008
1477077100347764740
986160386461388800
1469590517121957893
1216810180672937987
1508915093660213249
1488776901086912512
1260730144400052225
763416387041824769
1478363025719668742
1509188906809397251
1126412780171608064
1489926145457983489
1186737102207311877
1480998893735264262
1504084450233270273
1490653446541824000
1453819961714094081
1179084352887689216
1490007703158247427
1013463087616331777
1022917802448105472
1386971609853005826
1504359053585264643
47786787
1230021713762623489
1421404997208715270
1456019408632045576
1488975623288668162
1299803857963319298
1465365368201957376
1504323598487535617
713815379118718977
1249247760844353542
1387402047331389444
1505654807696224265
1444365925415899138
1506266731744010246
1487501285528113154
1442962300567277568
1502358636084957185
1155740717127471104
893087981694849024
4191589152
1492428621041967105
1393614747170447361
1247591087809552384
1504099108956610563
1504007077118849026
1317901554670800899
1495375217358737413
794509879767695360
1336026728108613632
1055481079673638914
901539791162003456
1500516558388359171
1502277268047077379
1218656312495681536
1502523235828523009
1485368239412629512
1466008690255974407
1221450741912670209
1396508975445823490
1014946216768131073
1461300272425156620
1506959467606589443
951342109096890368
1038488653834534912
1485756769389486081
1504143526984138754
1470393548294008834
1357234835106852866
1422131163859193861
1507450711906390032
1389205162422640645
1496996747104735239
1312440279828496392
1363892049464860672
1330450044248612866
1451550471328501760
1476249603809083392
1495018770116530177
1491691907142930435
1360276153693528067
1473323141959139332
809060295519784960
1500727233257869313
1477685191288238089
1186714167056764929
1416636491225260034
1493335112947224585
1318267779317837824
1507070468133691397
1470358163337756673
1213797343616618496
1424947048118374405
1494208980524142592
1046304961242566656
1422570991813812227
1507146430695235594
1497334184540622853
1494461669728264193
1358758112069582850
1448165996376858624
943812794171969538
1504861008678031361
1490647118553493507
1121771866094493701
1507293503952457729
1498618829605384197
1487755433016233988
1328927625914560513
1460563672229683201
1591304653
1394626743332392961
1495730683548942337
1500123881172090886
1411298291342622721
1351959324046864388
1085093540869406720
1413857081069817863
1492195494466052099
1494874111704584194
934295683355508736
1482954940674977797
1503628776105811969
1330495857762963462
1496723737164627974
1163108267041722370
1503921863831048205
1385851477365768200
1386006045189971980
1158702351626231809
825904112663396356
1499147421871263744
1497932241036623872
1378165512992137219
1446247931934347265
1499515145646747665
1160269909198331912
1325891374902894592
1503292040741806085
1324017677854253061
1233187267059027969
1487395402819248128
1248283250394574852
1014795633172021249
1503020737162100751
1118725460442140674
1035386824242462722
1477677043697565697
1485904445565190146
1500875520573161472
1503830873216413696
1492471040152244224
1492147026640920580
1497697183692427268
1437117968341626880
1442944171958943747
1335629334338564096
1502330701768765444
1423710995965480967
1246918679255814144
1477132254556168199
1493305649152864261
1338707249137668097
1495338462475608073
1484181456725307392
1250921475244265477
796624389999620096
4858228930
1406350135815180295
2884778851
1501956207740964864
1476247037767262214
1504532685305393158
1441307177386340355
1367627014505705472
1359976079335776256
1496143129954631695
1494581471541022722
1462881607044325376
1341511016186859520
826028380814458880
1382449331022729218
1432238913775603714
1504855743941513228
815652577
1434866122726289574
1474338175120293890
838296498794278912
1504473559057330186
1500863003801051137
810763380734722048
1279856772103225347
1487412055783231490
2909091092
1246050902537994241
1438424485510668289
1412746643032653828
1394635002818834436
1042598361059209217
1500950108501905409
1247944919504699392
1498966514833276929
1500791625534132224
1017510902986395649
1477590589915172865
1462305552168632322
1428100918659227650
1482398173343756290
1038847123767394304
1210867991195209728
1385697011714990086
1194884609936367616
1465710303140663301
1489592475916419074
1505079175438381057
1503051644413652998
1506967187117985793
1459519625985765382
1498588203116384260
1412013549304619013
1118229384819806208
1385534234518036480
1083061659424440320
1506948836673077248
1506337579121184773
1266248631541092352
1450458586115678214
1418270774964666370
1299259133527552000
1496753711347077121
1502901860256071684
1247820148536467456
4259275095
1213025320204242945
341767514
1236210863637434369
574410936
873427538877579264
1506210875488755719
1485974659635970048
1495422542324117506
878535837180452864
956432417509859328
1300556076195012608
1468785432762761221
1300054018828402689
1086117005516857344
1496771023949410304
1439170822644682757
1170547449565503488
1259600946604236801
1394747460644388874
1200248421019475970
987479630
1478459547824050182
1490655799927926787
1504808085872910337
479405463
1488609862800097284
1445578829527846920
1243911571006541824
1403038012540297217
892359660
1446107528870334465
1501075089965690884
1504537680780185603
1506880266312114181
1503444948024242180
1080591190846832642
1477637279111737345
1455938672797302787
1465751700896157714
867309831589425152
1506884796995317764
1496546091197739010
1197968859866775552
1239070549067927553
1471716603251331073
1409460670488322051
1447597568507133956
1504483963766669314
1260852046770642944
1496874253735628800
1340013300659138561
1469712619699380240
1446067604368642048
1419914744182591529
1215398697342767109
611955313
930680207891197952
1489139254198423552
1459116606731210755
1207238309803679744
827807371904876545
1492787334282203136
1505387387291156483
1442858328871288832
1506821675576446977
1477623979540111361
1316477295469703169
1360601569134272514
1322506091050213376
1505234055578722308
3142736156
1503461211840651274
1496671071738728453
1420958831950061569
1459882379821076488
1506815980114173956
1372435625778028547
2271809806
1485894430385127424
1489105489145303044
1390431746361991170
1498222644617187333
1376129733335912448
1060954701385019392
1502333629229371411
877229398784696320
350007552
1484991525968879622
1351600522885791745
1465447619518423046
1225481546422980608
4266453479
957040845944897536
1451319334475902977
1668275718
1263273228841205760
1502973169610596355
1503434682041614337
1457048774841413644
886778408
1308161485978435596
3170410296
1493701344015704064
735567682385367041
926397353241792512
1400777277185695747
1251892046115332096
743189311
1493494371374698497
1452622936683253774
1498596383242297350
1499295900010692612
1484541622113259526
1135499323
1445842437675511813
1171399012777226240
1075857593292255233
1504959869773877253
830483226011508737
1102102347885371392
1474190753203109890
1498094825610133508
1093936682271944706
1503383671801368576
705184955786248192
1399250273940422661
1003356995557175297
2237431194
1480150042182918147
1505952996622049280
1427281826956128268
1149637402601938944
1367577580849819658
1416691019911860227
1503278575532875777
1502072212299431941
1182025423367966720
1217881886300741632
1501313041736126472
1136914719766384640
1398820162732793859
1495552270922043392
1489322589218652163
1476228837272862727
1489686368573919240
1284167718015504385
1260913258606796800
1430203894336876546
1307460259020066817
1330395018394284034
1471539827728396289
1415716532802490375
1480133839792091147
1339540360213630976
1490041585870196736
179105902
1506705671668047881
1347177261502517249
1180783307535065089
1011828457574096896
1483113236950134784
1462951649371119617
1504040488558551045
1503080722059481089
1349069720578908160
271824168
1491853737228484609
866826657117687808
1375120102337736705
1155507952268300288
1495244800932601858
1359250898246115332
1042134353118224384
1396483477764145152
1213972998740332545
1482392841028620295
1496823862150971398
1325738103798161408
1391313380573581315
2319448682
1322493870966415360
1216446500634611716
1506672698281369603
1157296300011868160
1506683114952790017
1357257816965275649
1330922441879777285
1503218901240500224
1484182959179505671
1248243776306503680
1473374867001069577
1488793387029442563
1461174811762302978
1500346142038581251
923595297028231171
1418157642875297794
1493626292570370052
1456542168680701997
1393273043187798018
1124440286803955712
1198756901107961856
1497613480698032130
1494444623766433796
1495712569692024838
1480990309970493442
1493623913540034560
1454540676805320719
1506661504984174597
1428460499973386243
1397224156752658443
1334545870570868736
1504512828912259091
1499358687244140548
1253646114043166720
485685611
1484546938347438085
1404608226344288263
1391112906410954756
1499400248510193672
1046838157369434113
1496069362003759106
1492279300661338112
1462488280402776064
1481246483303346176
1453449518645751815
1391079822785384449
1506123885653155841
1413107485167263744
1505850052270604288
1246635234575159297
1457044361141792775
1132794785696079872
1457777960312721417
1406625465658490886
1292135873585262592
1452688210652499969
1372655345298927616
1198733090912382977
1427626415315423245
1295092221591670784
1500814780759687169
1452191837876326402
1425865197768650759
1240584055558725632
990518186234798080
1282566274707525633
1386485523276050434
1504886039885848581
1506571584235999237
1503104604082425860
1404500442910973954
1064483209612877824
1467181949940867079
1499044360423366660
1503092608528179201
1474088850272268296
1462472612341288975
1457798467078737925
1501909646231183361
1500414126413254663
1494314876587679747
1494211816251170818
1123519995781234688
2904756867
1502054942017826838
1494017123739447296
824973640441667584
1342954386310520833
1429309428357083136
774680702256373761
1343210533252685832
1476876952430596097
1191372017808924672
1368304288825479170
2717063344
4396518861
1301977759342788609
1484475917397286914
1493371148578562052
1021459768668491777
1462774480481271808
1247856837904551938
1352305891761135616
1410287513252544518
1484583583830454272
1495900699200208897
1399714847516995588
1071776694120402949
1493223291208835075
1423295332360757261
1501436798009966592
1479754700413149185
1247475614291918850
1403066910841966602
1501242856199098370
1394259243428089857
1498944650412969986
1493530272981204993
1501622135906787334
390211191
1500035064624603137
1343425172976660485
1467235678857699335
1496056936080584704
1500848339704811524
2344413092
1417036046378967041
1501151321734406149
1500510158258163716
1459959549234978818
1144539661039218688
1469512740779790337
1473626947691466756
1366301032905637889
1497258117045886977
1491685356151918594
1493263137990189058
1489148782507872263
1492922245915758592
1116953417535062016
1363410706737995776
1414981374600171523
1492058770935005187
1491461559981387788
1233472628398182401
855894347480543233
1038013790774874113
1487049630542024716
1490953530772971520
1475873675933011970
1420827422291791873
1487927943703797769
1425918092564123654
1310263847278850055
1254095944926334983
1477380171493777415
1390100404956958723
1364898545292242945
1481368257613516803
1103031499329339393
1483276209526087680
1468487943958446082
1484818704638492676
1482994230570233859
1481984888127561732
1366718830446141443
1483124068362723332
1396504395106459657
1148943395492175872
1400870979019100169
1331234093334470659
1481655960477200385
1254475050570248192
121964744
1482008387063885825
1215415276080173056
1480254731406688258
1309192337776693254
1307536170063200256
1480470849173995522
1479503250827132932
1472087554405146627
1034149423373340672
1478853594380079106
3655288461
951755056256311296
1474440294187864064
1334788851429150723
978387839745478656
1346012564396896257
1467948080167276551
1291019513232863233
1106659232198340609
1476515623727472645
1471803611155996673
1360175192807534597
1246055306540519426
1347172687265767425
1475570175466426371
1396363636063436801
1420984162618576896
1446043278697185282
1274311964332830720
951446561262919682
1473736109951787018
1376983498750328835
1346727306694434817
1469594390830231555
1460175585263640578
1460175955306164229
1466441432353361925
1402224072671608836
1288467846687670272
1472047756000722945
1473183422021619722
1391406272537239554
1449166767633453056
1333657131451551744
1009463084212195328
1446006098125901825
1308808529122385926
1459980869440000012
1467923208116518912
1048580442704818176
1456321088783269893
1468694577989046272
1296128285185908739
1336094021752590338
1204860288589279232
1460175162242912261
1467920806365782022
1460178235883503619
1460174418152415233
1469611457285349376
1457757693473603592
1368647189933793286
1451236032272289793
1011059895427371009
1103967629486817280
1461352816597819412
1470838032492285960
1459602943498403843
1468531050221813760
1438745591987724288
1180051296377688065
1244325680957063171
1427074045988704258
1367938722164076546
1418149481623834624
1281080869483098113
1413860029489422337
918941017927245825
1465565121795690500
1464090130344464384
1464942123422298119
1260944673817784325
1464571437604298759
1392828486134415365
1467728880219967488
1402736915804262406
710891841722388480
1384861181853241345
1412705832660307973
1465194897179389954
1467441742655987714
1467211784788586500
704277392144121856
1463126491504336897
1464341594434375688
1361424574785683459
1396508102950850561
1354091535034314753
1466727046730633218
1393127888350814209
1464692106434392069
1462866372170375173
1466887179402194952
1011208676651208705
1448219420355092481
1462788081849974788
1455920228630728704
1231996448516067328
1466548412296437762
1218469673949450240
1465737512161140736
1430511064920338443
1414690013900574731
866711617953779712
1396174916039364609
1429807547779854341
1364076714624774144
1102621433564487682
1385954615737335813
1386643346534322177
1185351578104020993
1453686145913610250
1462454533431382016
1308106070024429569
1293103807614922753
1455434034843111424
1401047313192087553
1014695484
1366064772362498051
1212976408051347456
1425292833125289986
1106129548633145344
1408384937456287748
1393637093323194369
1452966252004130831
1369338898984280064
1388847789472456706
1459084319679385605
1461927329572298754
1464124035953012742
1452716309289046016
514167868
1463952239672893442
1247596429830434816
1463806692051853315
1463603552841084930
1438265648216477696
709609944371367936
1287479605444710400
1037926211274637313
1219720769233534976
1463397197530087426
528956072
1462951670082588680
1461702803441831939
1462924273983524864
1456170259430481921
1440155044783947783
1430085443652046864
1389667196612214785
1428951243750318087
1457259958727233537
1460943991764099075
2229427994
1462314851255136258
1456951363162845191
1389150089793449986
1383646954941390853
1409791843873792003
1424975334487830544
1261306849929728000
1429004750310227971
1369603918133624833
1458760904376475651
1247059556145995776
1303046080481955842
1302569630439964672
1117355187071537152
1461643870064812040
1390016255181131779
1461326447914758144
860542355509833728
1455597421598330881
1461007764063465476
1430964665857626116
1284175955666272256
1393797340973211648
1417811741241663489
1326181271345762306
1208389733648343041
1359833890047877123
1433709823879696416
1119299696009158656
1460801326795923457
1458231014732414981
1460603558823444485
1460985659561230337
1456698830452404227
1461004052830076928
1364999679755362308
1326575501872263169
1368027824720855040
1394946073974738944
1401922141231124485
1386628262458118146
1247802719122808835
1436024654985039876
1458855440687718404
1460272314604478466
1252363165750476800
1359162055312433159
1257703567638568960
1313545334916775941
1364535310848294913
1428349673396269065
1413929656399634433
1448713772856659968
1460133268167303168
1002256428378226688
1403729638355083266
1393195506663297027
1369586124600074242
1385600873817063430
1459944114083213312
1421361532022165505
1387865265782800384
1457397016712069120
1390930840197074950
1451695949919698950
1457629448312967171
1104368955781718016
1403131337381404678
1395588613879083012
1421128610107334659
1459315501503598595
1363401276906692608
1392962591266324480
957679276874059777
1347119241242308611
1459226831962492936
1386964398498009088
1279881414729760770
1459455249861779456
1292937059775258624
1383799435386179584
1459207209892646920
1315713072158437376
1456873798020501508
1442008735409266693
1212125292438814720
1454118670561599496
1459213311568977932
1382972999477952514
1457369062242197504
1420702059771334663
1354406425523589120
1269881336829038593
1386484482937479168
1332991602923630592
1458923785952899081
769264173385744384
1381861970719076352
1266077383691509761
1435920209752252419
1407985304384978945
1451430016030437379
1440695945637761049
1456216277224247301
1316343299142291457
1458408125388754947
1393662783615643648
1204463023764770817
1451493699393839107
1453786384104398850
1148669915953606656
1042019002661457920
1454413255158468613
1359033344072310784
1441087306010546176
1308444522666504192
1263694433813499905
1456936351568379907
1022240654569680896
875966948038848513
1375634734517215236
1427390491893673987
999338825913716736
1121756610739802112
1457014404717940741
1308626472731631626
1283025194945253376
750282469790842880
1456649254462689287
1456381803409903617
1421375553718915078
1454188267063201799
1387284967387017218
1174003687250898946
1142248554133696513
1405426637991153664
1452862235273949190
1380917373465731075
1393273818496503810
1451445687175032837
1424269129209597953
1207323174666407937
1331183039041449985
1455893917543526404
1420204126621900805
1305572897918943233
1375803646684893184
1455402433492967426
1453310096562262016
1455352881427763200
1376981455566471168
733380863379968000
1456166435600969732
1376236052562776076
1442897133372264448
1411332629597667388
1388350343633854464
1181469429613436928
1455467643499171842
1020346622394470401
1435323311169413129
1451733649309765636
1441511324010225667
1452973867509690381
1110255889062264839
1451451078134935587
1403467273101262853
1452896867256242177
1456245843259019266
1361287455077519362
1399691025128493057
1291426846802956292
1355193678420180993
1453365597107019779
1378576897391665152
1433021906228293634
1451285726163787776
1453781047523618821
957587976183304192
1072004396303683584
917632628655669248
1453748163895046153
1274696033918955520
1402924289003827203
1388499314675265536
1399691717536854017
1453614639489724424
1453467903546830853
1289791253853462528
1050798183817859072
1409839228087726080
1025927433457819648
1439266731290152968
1454973761632051201
1453286732590428160
1349694760911593474
1444259413527773185
1441585381242146819
1416065024007749641
1455015359027634181
1372599187594829824
1455096729062318080
1455529863574704134
1439586616335605763
1382280520940281858
1398719595595304962
1079473604562161664
1241772736545947648
1273600326654812162
1390926529408823299
1455436565744742404
1455400493602287616
1449112680267137026
1262252605897572352
951258557088968704
1453798777526030340
1311634753095897088
1453288944582500362
1374432842751434752
1379982109939404801
1453991956821024770
1309917216805203973
1160020834833985537
1366797915801452556
1451057655431274500
1385831885700358144
1447835849643732998
1454800721271001088
1409244107323621379
1293223323095236608
1179797533050228736
1453416275905028099
742994765218734080
1454148097936920578
1441709798374797312
1454090206345367560
1453674471651479552
1199791663419285505
1453453624659562497
1382219859325460480
1449776502728495105
1382955317781278720
1452192327989084168
1452921108055867402
1436250624107155458
1076502422904885249
1447897376405004289
1454388412534906881
1453382037147058188
1453348457532600322
1447988390956253194
1438203436068216835
1120763191636779013
1453315405842456579
1451988582558801920
801800911723130880
1409859048703500292
1331094390677368833
1291972835003506689
1390991080301252611
1451766558410395650
1452932277412024330
1452959854222614530
1227649118492876801
1359392914137370624
1448005439615082497
1261803659110866944
869758867936333825
1279828992028221440
1285657346732167169
1442013185523929093
1450039727403552771
1239265422760910849
1341446882695016451
1247798522709065729
1247887524720066565
1453814347470446599
1453631122605322242
1452020201726300171
1447218479275421696
1424104322497929219
1452960852403970051
1453066292160831493
2215509630
1299484581087899648
1262661124337610753
1295372385349238786
1031818662792122368
1453594928764891136
1409044975145213954
1426812619487334400
1448992230455250946
1448257008663154692
1453371018215559168
1452572118974087172
1402944671899394050
1451308780222926857
1448656791051538434
1452363400508592136
845768754592169984
1446153249007017994
1405223437300346880
1247985471411695616
1006342599014150144
1161058384210210816
1247072193462312960
1452585745571581953
1323889669902315520
1227204322837979137
1337649038099943424
1275717534554218497
1445806464082264065
730565431
1411009950822842370
744886822971465728
1398283140062400521
1244589206749564932
1452237611519651841
1249981134311755778
1247053625844736005
1346938501317718018
1436001074012434443
1453076536005910533
1444890224480370688
1421358474483601409
1387777941745111045
1396574318260363267
1202561051331571712
1449062420559847425
1393237494804647936
1388363352309645323
1125439647117643776
1446524366867636239
1421159026042318848
1450140062180642819
1396891379616337921
1303594813573472256
1452904311139278849
1208733349960802304
1442365486029684740
1326469102727258113
1104385197607391232
1448399261708681216
1441707868583956481
1433439157251190787
1180862924161765378
1865174455
1365219129423142915
1445520622222671875
1280421086992220160
1451226720988717068
1210635695502479360
1335308924854079502
1434847553313464325
1428728766910636046
1367753800518299652
1016782356177457152
1274399310311043072
1310446402602852354
1397437287114346496
1359375961125498880
1303945998574727168
782090502153863168
1381926110007541771
1443990799029575680
1438552740674818048
1448193819736952838
1448785182929178625
1451385174520999979
1451929827628314628
865983009102721026
1213830214511235084
1359594214489743361
1254379748618313729
1333855672660848640
1319570001049899008
1436911046103642115
1419519515289849856
1452313716121276427
1398619763656507397
1374310781932683267
1213853563731841024
1448161847211929601
1442544983089692673
1452181298680934401
1124545188964257793
1301224057057222662
1350088593801359368
1433061815945252865
1260485538563461120
1438697411967336451
1448184121725964288
1448666388483108882
1363578267681308675
1246425333521408001
1452220231393415170
1190901729237381121
1217778116921303040
1442354979289776129
1005144089338183681
1452179474720698373
1451978111709421568
1452170556451733506
1278623811735302144
1385223295742746630
1405116387677331462
1428075652092137478
1393528226123812866
1177404458457796610
1378415582878572551
1355423080546508800
1133781287158919177
1026402727335739393
1447667998203039751
1304957659540488192
1451949973063491589
1450344395304148999
1190291240941604864
1247508212640866304
3211965965
1324341215047913472
1450058319998210048
1171437236279111682
1284431611526885376
1393947689319075846
1386617420752818179
1376488871194599429
1437810057618526208
1243270445379575808
1402860151405744131
1296664676080553986
1395388444059312133
1408666746316275712
1087074793382395904
1409809069918068736
1443283089631895555
1262200047267131393
1290322076964970498
992025847103131648
1129330320879312897
1386198822666358784
1424315785074417666
1386520185704697868
1129504591245193216
1451504023341764641
1429085476191883266
1220075432416026624
1323207761337921539
1408758489376342017
1206277618988978177
1127501905955999744
963859882742046720
1179697788151578624
1418273142221516807
1450091203094061066
1350087037093879808
1384750121892687872
1394906547055071232
3021734837
1440387409020026884
1335143118597988353
1387817697308823559
847108003698495489
1404095788767236100
1362850101878808583
897458195303739392
1438379969898590213
1440306303708979201
1342568987335516163
1450170525649674255
1451425117058310145
1416312384071688194
1260375972379070464
1448457988549787648
872192125445734400
1414121206454923264
1450772599512911872
1438468347079843842
1394700268189663234
1448340841291042817
1450856044217999360
1429842290030354435
1345052517080723457
816024728540422144
1450081543641178117
1435483210138505216
1378327300878561282
1217013052496928768
1418443203234045954
1441444522274209793
1407330972949958666
1427588565798592513
1437881386199920645
1343515768626024451
1247225565972660224
876858017949642753
2178555806
1299620093270339586
1272068814960762881
1066048924354367489
1450571780163309568
1448748885254488067
1331346983785816066
891213383013453824
1363195850558746626
1142669481929596929
1441443585497305102
1443243867378233347
1398677497655533568
1424372313160654853
1447507920921444357
1448631999196012549
1040677916126994432
1243314383327055876
1428635097121579014
1350697558134419456
1184829479195201536
1259854321937715201
1417408041864028189
1171854331647340544
1419565922948374533
1191934602492948482
1372185483858558982
1427628732240613382
1363203283041550338
1438436739241099265
1430586986939633666
1450028619711926276
1368624195249315846
1222157555633254407
1243504327530024961
1242832859909345280
1424825743452876804
1220013772493877248
1414977092102488066
1445322030585454596
1194514963722686469
1426174312994779140
1386635451642130434
1389032667102994445
1406113863939104770
1322883009671024641
1254965927742976003
1386355385490198533
1399624726704799745
1143763050668990464
1390935008542605314
1050259197739364352
1306154341938544641
1377279026990096385
1023202134513385472
1446740087337795584
1440889199532597250
1394981260263559169
1383062167998623748
1417593397037076480
1261472411159011329
1429747673033183236
970538505607827457
1410583808903102471
1351977345855447044
1397194661341671425
1447579240820584451
1293082223831388161
3074638269
1391659116607655940
1288634817454780423
1308922202411208704
1323775503195582465
1447983063384961042
1291304079394734080
1445538395036389381
1449809530024448002
1344267182730047488
1440704455280791565
1058631742603624449
1332569929263030275
1449283104603086849
1449295013662412800
1448613956873031683
1443064510558851079
1374988939828813825
1375357619527954434
1001778261779730432
1263839976975826944
1433416423167217669
809567159013625856
1256597556777283585
1248894810078842881
1449754298569613314
1398214062715047938
1429010146806669315
1326622527649579009
771975388998270976
1439339738855612428
1369599404034977795
1216068402441261057
1346081462022533120
1443361816973828102
1310946448247267328
1306998237841088513
1388366009627815940
1394377402617376769
1079308821711994880
1232717820498259968
1421598217817448455
1444294317347123200
1396081633728544768
1390349406034071560
1427121168885207041
1405459246683246594
992648659257835520
1352636287426187264
1414891793238437908
1422885298845978627
1402230769838403586
1287459301234077696
1243857999271084032
1434344700308242437
1322031995988434949
1370351192811827210
1290288648038912001
1011675392590123008
1393064561461301254
1416030636435984386
1269718182153064449
1411341551620575236
1284342167293644800
1385836267372429312
1447444781320183814
1448261756753784838
1370497688467308550
1220336751950036992
1347515006921957376
1237070155789881344
1317801532897845249
1438555557187702785
1430580796516077579
1439671765727424516
1138859988284301312
1258722443499372545
1443525584018100228
1256598242122489861
1073245534968791040
1402485922483126273
1213039593408229376
894265270361104384
994476336046460929
1296099807099002886
1448976290892111872
738491958
1054471956031004672
1388248120560082949
1082932740155162624
1339519319580037121
1276612486410747905
377180594
1420448914176716800
1449058468443344901